1000




1           
1
2
3
5
8
13
21
34
55
89
144
233
377
610
987
1597
2584
4181
6765
10946
17711
28657
46368
75025
121393
196418
317811
514229
832040
1346269
2178309
3524578
5702887
9227465
14930352
24157817
39088169
63245986
102334155
165580141
267914296
433494437
701408733
1134903170
1836311903
971215059
807526948
1778742007
586268941
365010934
951279875
1316290809
267570670
1583861479
1851432149
1435293614
1286725749
722019349
8745084
730764433
739509517
1470273950
209783453
680057396
889840849
1569898245
459739080
29637311
489376391
519013702
1008390093
1527403795
535793874
63197655
598991529
662189184
1261180713
1923369897
1184550596
1107920479
292471061
1400391540
1692862601
1093254127
786116714
1879370841
665487541
544858368
1210345909
1755204277
965550172
720754435
1686304607
407059028
93363621
500422649
593786270
1094208920
1687995188
1
1
2
3
5
8
13
21
34
55
89
144
233
377
610
987
1597
2584
4181
6765
10946
17711
28657
46368
75025
121393
196418
317811
514229
832040
1346269
2178309
3524578
5702887
9227465
14930352
24157817
39088169
63245986
102334155
165580141
267914296
433494437
701408733
134903163
836311896
971215059
807526948
778742000
586268941
365010934
951279875
316290802
267570670
583861472
851432142
435293607
286725742
722019349
8745084
730764433
739509517
470273943
209783453
680057396
889840849
569898238
459739080
29637311
489376391
519013702
8390086
527403788
535793874
63197655
598991529
662189184
261180706
923369890
184550589
107920472
292471061
400391533
692862594
93254120
786116714
879370834
665487541
544858368
210345902
755204270
965550172
720754435
686304600
407059028
93363621
500422649
593786270
94208912
687995182