2
10 2
0 0 1 0 0 1 0 0 1 0
0 0 1 1 0 0 0 0 1 0
정답 10
2
7 5
0 1 1 0 1 1 1
0 1 1 0 1 1 1
0 1 0 1 1 1 1
0 1 1 1 0 1 1
0 0 0 1 1 1 0
정답 8
2
10 2
0 0 1 0 0 1 0 0 1 0
0 0 1 1 0 0 0 0 1 0
정답 10
2
5 3
0 0 0 0 0
1 0 1 1 0
1 0 1 1 0
정답 4
1
3 1
0 1 0
정답 -1
1
4 4
0 0 0 0
1 0 0 0
0 0 1 1
0 1 0 0
정답 4
5
6 6
0 0 0 0 0 1 
0 0 0 1 0 1 
0 1 0 0 0 1 
0 1 0 0 1 0 
0 0 0 0 0 1 
1 0 0 0 1 0
정답 4
1
1 1
0
정답 0
1
4 4
0 0 0 0
1 0 0 0
0 0 1 0
0 1 0 0
정답 4
2
5 2
0 0 1 1 0
0 0 1 1 0
정답 -1
1
4 4
0 0 0 0
0 0 0 0
0 0 1 1
0 0 1 0
정답 4
1
5 5
0 1 1 0 1
0 0 1 0 1
0 1 0 1 1
0 1 0 1 0
1 1 0 1 0
정답 -1