8
2 0 0 0 0 0 0 0
2 0 0 0 0 0 0 0
4 0 0 0 0 0 0 0
8 0 0 0 0 0 0 0
16 0 0 0 0 0 0 0
32 0 0 0 0 0 0 0
64 0 0 0 0 0 0 0
128 0 0 0 0 0 0 0
답은 128
4
2 0 0 0
2 0 0 0
2 0 0 0
2 0 0 0
10
16 16 8 32 32 0 0 8 8 8
16 0 0 0 0 8 0 0 0 16
0 0 0 0 0 0 0 0 0 2
0 0 0 0 0 0 0 0 0 0
0 0 0 0 0 0 0 0 0 0
0 0 0 0 0 0 0 0 0 0
0 0 0 0 0 0 0 0 0 0
0 0 0 0 0 0 0 0 0 0
0 0 0 0 0 0 0 0 0 0
0 0 0 0 0 0 0 0 0 0
정답 64
5
2 2 0 2 0
2 0 0 0 0
0 0 0 0 8
0 0 0 0 0
0 0 0 0 0
5
2 2 2 2 2
2 2 2 2 2
0 0 0 0 0
4 2 2 2 
2 2 2 2 2 
정답 32
5
2 2 0 2 2
2 2 0 2 2
2 2 0 2 2
2 2 0 2 2
2 4 0 2 2 
정답 32 
2
2 2
4 4

4
2 0 0 0
2 0 0 0
2 0 0 0
2 0 0 0
5
2 2 2 2 2
0 0 0 0 0
0 0 0 0 0
0 0 0 0 0
2 2 4 2 2
5
2 0 0 0 0
2 0 0 0 0
4 0 0 0 0
2 0 0 0 0
2 0 0 0 0
정답 8
5
2 2 0 2 2
2 2 0 2 2
2 2 0 2 2
2 2 0 2 2
2 2 0 4 2 
정답 32
3
2 2 2
4 4 4
8 8 8
10
16 16 8 32 32 0 0 8 8 8
16 0 0 0 0 8 0 0 0 16
0 0 0 0 0 0 0 0 0 2
0 0 0 0 0 0 0 0 0 0
0 0 0 0 0 0 0 0 0 0
0 0 0 0 0 0 0 0 0 0
0 0 0 0 0 0 0 0 0 0
0 0 0 0 0 0 0 0 0 0
0 0 0 0 0 0 0 0 0 0
0 0 0 0 0 0 0 0 0 0
10
0 0 0 0 0 0 0 0 0 0
0 0 0 0 0 0 0 0 0 0
2 0 0 0 0 2 0 0 0 0
0 0 0 0 0 0 0 0 0 0
0 0 0 0 0 0 0 0 0 0
0 0 0 0 0 0 0 0 0 0
0 0 0 0 0 0 0 0 0 0
0 0 0 0 0 0 0 0 0 0
0 0 0 0 0 0 0 0 0 0
0 0 0 0 0 0 0 0 0 0
